This is the Matrix in Row Major Order 
0.18949 0.15459 0.881048 0.849405 0.113853 0.0125629 0.748231 0.746495 0.856755 0.540138 0.620595 0.330196 0.626727 0.468755 0.491482 0.374183 0.0909854 0.949709 0.0614283 0.681072 0.896894 0.893439 0.198971 0.97506 0.497735 0.749164 0.449242 0.241476 0.864566 0.574983 0.345703 0.272246 0.295385 0.263494 0.093684 0.657915 0.475233 0.307699 0.491067 0.0512658 0.938544 0.855216 0.924841 0.702412 0.19471 0.0270722 0.883609 0.902577 0.986018 0.324805 0.16653 0.778684 0.502006 0.358535 0.795902 0.0388662 0.109753 0.153965 0.718596 0.394466 0.445153 0.289889 0.0312573 0.439522 
0.957834 0.893968 0.121134 0.723895 0.155459 0.700093 0.319649 0.847738 0.248722 0.11887 0.426556 0.00481601 0.907689 0.700798 0.160539 0.369385 0.550949 0.309586 0.150393 0.129595 0.896657 0.22874 0.670962 0.665252 0.762932 0.48912 0.286153 0.337058 0.943017 0.472519 0.767293 0.997906 0.532135 0.88608 0.341495 0.54214 0.904229 0.950124 0.0896415 0.149822 0.480701 0.863834 0.432375 0.944743 0.999265 0.724342 0.373642 0.473655 0.614721 0.590435 0.847994 0.316938 0.236304 0.419605 0.372395 0.767502 0.145856 0.824215 0.453323 0.313764 0.517183 0.183167 0.998687 0.801862 
0.56756 0.92405 0.151192 0.224699 0.133318 0.659519 0.833146 0.325932 0.940232 0.806397 0.659622 0.121896 0.59469 0.0791084 0.548635 0.845621 0.556531 0.564351 0.822426 0.121011 0.977889 0.0768663 0.247615 0.671124 0.153376 0.362144 0.150224 0.784333 0.0417879 0.221686 0.114304 0.026761 0.753406 0.143517 0.434546 0.774528 0.719527 0.660004 0.853849 0.364386 0.96088 0.943751 0.14715 0.51515 0.315568 0.319401 0.427097 0.56193 0.878262 0.0129184 0.909476 0.21895 0.740001 0.489778 0.673222 0.0968276 0.681357 0.966036 0.925231 0.0469015 0.0874554 0.759146 0.492654 0.556724 
0.475119 0.877616 0.0967067 0.803632 0.855284 0.477268 0.736772 0.378387 0.438188 0.889755 0.298387 0.617443 0.360203 0.661754 0.973601 0.969398 0.296532 0.801641 0.651893 0.511809 0.67523 0.958303 0.0181296 0.599898 0.954328 0.700705 0.393077 0.790276 0.694284 0.375716 0.226564 0.0426348 0.253255 0.935714 0.283416 0.709829 0.276408 0.0679692 0.899129 0.403229 0.438451 0.70037 0.856447 0.67882 0.778358 0.707843 0.843413 0.669591 0.589876 0.183661 0.916492 0.247273 0.974378 0.833756 0.035446 0.0289771 0.936243 0.233535 0.512786 0.286252 0.0971423 0.121823 0.0980543 0.786518 
0.939571 0.0483031 0.732735 0.58104 0.947521 0.449708 0.727207 0.833949 0.26112 0.998549 0.365534 0.0541409 0.669006 0.740577 0.642173 0.886291 0.1081 0.809793 0.120365 0.238256 0.747746 0.467984 0.141317 0.500838 0.81137 0.928425 0.38747 0.646044 0.798792 0.92768 0.872886 0.374209 0.960778 0.76473 0.620007 0.606456 0.148037 0.0465894 0.093526 0.0596256 0.982793 0.657249 0.321943 0.993144 0.215006 0.346092 0.596442 0.212057 0.961946 0.562547 0.494301 0.264137 0.88482 0.402546 0.984489 0.550337 0.796888 0.163212 0.700699 0.684271 0.687964 0.494678 0.916893 0.784548 
0.729762 0.683057 0.48739 0.191605 0.424977 0.894883 0.624445 0.159807 0.139921 0.874112 0.963039 0.247641 0.240572 0.119122 0.555631 0.365799 0.742101 0.210455 0.0991955 0.546873 0.959085 0.960739 0.261384 0.552208 0.247704 0.113052 0.567468 0.661884 0.102787 0.535307 0.644669 0.115275 0.723593 0.512201 0.458479 0.688205 0.450556 0.209822 0.0910883 0.025172 0.747808 0.424921 0.576635 0.0780848 0.962395 0.693412 0.26438 0.637583 0.687799 0.189212 0.899119 0.746701 0.313779 0.201142 0.346378 0.0544831 0.79071 0.493139 0.889946 0.191435 0.350624 0.271067 0.522053 0.368777 
0.182383 0.939979 0.6473 0.230567 0.179684 0.484712 0.856322 0.286852 0.409939 0.39416 0.932007 0.381378 0.0935779 0.834989 0.297444 0.579109 0.728912 0.196267 0.217029 0.411534 0.757312 0.113747 0.158322 0.0250546 0.125616 0.693013 0.482762 0.539161 0.572617 0.982326 0.342474 0.223487 0.59385 0.156306 0.989276 0.432713 0.530426 0.529269 0.25289 0.677756 0.609447 0.476693 0.646635 0.00860922 0.635722 0.448811 0.307586 0.773468 0.361237 0.0119941 0.81678 0.321683 0.0673791 0.421591 0.127079 0.795375 0.794235 0.0475697 0.894887 0.233755 0.600039 0.608893 0.472728 0.837779 
0.607431 0.109311 0.741726 0.683126 0.429785 0.966801 0.576356 0.987477 0.403671 0.349112 0.138108 0.34862 0.430502 0.229584 0.814984 0.651613 0.635389 0.845923 0.678671 0.181321 0.0512285 0.586996 0.145593 0.858181 0.217619 0.544766 0.60876 0.401004 0.0671028 0.221332 0.852648 0.0737453 0.234463 0.177582 0.98358 0.875285 0.654582 0.493067 0.802153 0.913892 0.45432 0.828204 0.903866 0.781529 0.069644 0.380362 0.45932 0.597196 0.392543 0.352758 0.0380216 0.868734 0.369328 0.461951 0.0399612 0.821167 0.141518 0.869422 0.277491 0.977424 0.202779 0.494649 0.593166 0.667065 
0.269018 0.488487 0.729196 0.361173 0.39393 0.240708 0.453609 0.71682 0.0761832 0.472664 0.257009 0.83573 0.583586 0.0882981 0.474521 0.321611 0.637254 0.575934 0.473703 0.469585 0.658263 0.949351 0.431732 0.977514 0.792266 0.559851 0.551335 0.30979 0.122575 0.203255 0.572426 0.242689 0.356912 0.765503 0.0982594 0.315764 0.277681 0.202585 0.63088 0.723129 0.923165 0.30653 0.772179 0.795169 0.910111 0.842579 0.843416 0.0358553 0.294241 0.486422 0.192576 0.862587 0.138937 0.574235 0.0026464 0.221504 0.735107 0.0403977 0.964656 0.239899 0.626017 0.016125 0.843361 0.551495 
0.193635 0.757898 0.0855639 0.154282 0.0692127 0.648452 0.452296 0.117441 0.586156 0.911766 0.306839 0.504192 0.309065 0.815328 0.580686 0.847035 0.258029 0.706523 0.838664 0.951667 0.614031 0.638096 0.126226 0.232381 0.276739 0.0676033 0.62157 0.392853 0.423975 0.246965 0.729657 0.714621 0.437183 0.44951 0.379275 0.611535 0.0968672 0.981678 0.582713 0.39141 0.893428 0.539743 0.083047 0.635595 0.573705 0.640342 0.222015 0.772134 0.195021 0.579272 0.598823 0.808536 0.161284 0.81247 0.954055 0.426265 0.530347 0.492104 0.618968 0.0690145 0.548542 0.719421 0.651868 0.278561 
0.128422 0.718962 0.329791 0.367175 0.925999 0.440408 0.883122 0.295037 0.469893 0.99529 0.802634 0.540973 0.540025 0.525834 0.987204 0.887188 0.423477 0.707519 0.204007 0.635345 0.494333 0.81699 0.0290449 0.782268 0.297173 0.127493 0.640768 0.539023 0.118723 0.762666 0.775845 0.533684 0.233993 0.0796956 0.927931 0.764472 0.333994 0.209437 0.747696 0.59479 0.455869 0.662126 0.580525 0.509008 0.558621 0.11286 0.719965 0.72558 0.813786 0.107147 0.682919 0.304509 0.0625432 0.159527 0.255716 0.922661 0.855284 0.303844 0.681993 0.37267 0.723971 0.242639 0.185741 0.682455 
0.421737 0.385305 0.114322 0.161508 0.533577 0.92323 0.0324099 0.65805 0.199915 0.312876 0.495441 0.575897 0.364779 0.589662 0.774757 0.50058 0.58243 0.406576 0.200205 0.240231 0.53604 0.470624 0.437105 0.700815 0.683604 0.511279 0.19496 0.0925478 0.167223 0.152129 0.0314158 0.269408 0.776577 0.337914 0.231326 0.200563 0.79318 0.538911 0.843832 0.331587 0.907906 0.656223 0.131485 0.129859 0.213142 0.410643 0.922669 0.287055 0.0711781 0.405813 0.0294973 0.729017 0.741315 0.0879356 0.0983826 0.223754 0.446965 0.389733 0.708174 0.964765 0.488714 0.480056 0.537035 0.738789 
0.655509 0.740459 0.622111 0.476516 0.213031 0.884172 0.153198 0.148123 0.307166 0.369633 0.787305 0.672246 0.472239 0.882777 0.597337 0.77439 0.448305 0.895009 0.506084 0.41284 0.912575 0.870695 0.354337 0.68917 0.653819 0.249347 0.203298 0.930742 0.0158275 0.488598 0.131378 0.0395509 0.221067 0.339458 0.543463 0.165153 0.157174 0.669243 0.286465 0.22731 0.911167 0.624031 0.812599 0.00129709 0.648835 0.587145 0.870753 0.712982 0.641431 0.66575 0.612903 0.63358 0.453286 0.831815 0.63072 0.366474 0.0423672 0.655401 0.76706 0.999972 0.00657692 0.602153 0.856077 0.746477 
0.580373 0.101496 0.107005 0.0545713 0.421161 0.883271 0.631276 0.074217 0.5427 0.712851 0.145682 0.160734 0.79212 0.884766 0.689892 0.113155 0.19296 0.273882 0.204724 0.789949 0.161471 0.732913 0.0919179 0.810954 0.368635 0.157665 0.40908 0.94641 0.560847 0.351711 0.938471 0.600593 0.674031 0.297064 0.49659 0.313633 0.323121 0.474124 0.0621666 0.603901 0.209194 0.939781 0.311714 0.606945 0.343323 0.29417 0.913866 0.800538 0.220111 0.116967 0.508241 0.197445 0.172576 0.909554 0.103293 0.147244 0.43742 0.388127 0.0259108 0.679274 0.985999 0.604766 0.280989 0.101091 
0.522239 0.652994 0.902555 0.021664 0.537616 0.686949 0.547373 0.943447 0.927084 0.727637 0.37363 0.000271566 0.762223 0.361523 0.52991 0.285131 0.965142 0.841025 0.677547 0.010225 0.949152 0.560756 0.704447 0.646983 0.427326 0.437808 0.632764 0.759777 0.748568 0.380568 0.139289 0.0856636 0.929807 0.379513 0.119574 0.915742 0.595809 0.246659 0.0990792 0.809717 0.345501 0.999387 0.49343 0.424621 0.0193691 0.907599 0.0829743 0.70739 0.957106 0.844848 0.578641 0.441762 0.260075 0.0842699 0.787622 0.0583352 0.918556 0.976645 0.284167 0.46413 0.373655 0.799422 0.0398298 0.749514 
0.57082 0.277516 0.763551 0.386125 0.41798 0.835577 0.0737694 0.397224 0.0431303 0.704926 0.875531 0.0480674 0.105123 0.487425 0.102844 0.238233 0.541962 0.43089 0.842568 0.259043 0.256592 0.969326 0.721453 0.67367 0.843175 0.209274 0.615738 0.887151 0.309882 0.172974 0.598961 0.519207 0.297053 0.818835 0.576842 0.657742 0.890196 0.716214 0.0887318 0.00485083 0.276306 0.898729 0.281905 0.618126 0.89145 0.110763 0.825063 0.430124 0.224638 0.754224 0.662074 0.103339 0.845518 0.550217 0.540303 0.735896 0.1613 0.20897 0.548695 0.555395 0.378188 0.725276 0.353823 0.297454 
0.520164 0.302969 0.718724 0.598506 0.585322 0.204692 0.800325 0.602201 0.597012 0.773125 0.949261 0.755137 0.930256 0.371622 0.484047 0.341088 0.754155 0.943038 0.0587911 0.802858 0.501384 0.977412 0.420763 0.710797 0.1779 0.434584 0.182127 0.447077 0.832479 0.177485 0.246259 0.0861252 0.905801 0.463099 0.282081 0.850106 0.439348 0.66462 0.853067 0.735034 0.41379 0.254403 0.98963 0.722758 0.0443577 0.486333 0.817666 0.505724 0.32318 0.766259 0.963602 0.786809 0.119454 0.984131 0.703768 0.974828 0.374419 0.0393241 0.861705 0.192742 0.0578455 0.566935 0.968728 0.582657 
0.708036 0.583777 0.886139 0.595083 0.499942 0.194078 0.711629 0.255985 0.609897 0.34599 0.0321812 0.66217 0.435298 0.990914 0.406856 0.902814 0.313636 0.533412 0.036565 0.922707 0.123811 0.712476 0.426716 0.466442 0.21763 0.503013 0.56866 0.401565 0.229803 0.834652 0.0746019 0.796644 0.0295095 0.96047 0.568467 0.237602 0.209381 0.378364 0.441618 0.38931 0.693821 0.932327 0.996599 0.9758 0.925985 0.112631 0.928294 0.491536 0.0113201 0.780809 0.130023 0.860977 0.136957 0.150242 0.364556 0.171781 0.219659 0.657253 0.372546 0.750308 0.43949 0.672041 0.732859 0.404655 
0.196538 0.577333 0.216911 0.28591 0.859824 0.554286 0.8857 0.282306 0.0284199 0.582906 0.0340995 0.0275487 0.451662 0.702768 0.905185 0.606472 0.421183 0.532614 0.562335 0.48205 0.473229 0.907813 0.700276 0.643993 0.655098 0.316104 0.663637 0.0709524 0.225499 0.569802 0.674295 0.854182 0.579187 0.347591 0.22889 0.696396 0.0422124 0.0350954 0.537759 0.774718 0.581119 0.0201592 0.514109 0.706731 0.66735 0.410181 0.950656 0.876893 0.35215 0.569927 0.236861 0.62606 0.325372 0.765577 0.0588792 0.333579 0.856425 0.212303 0.824004 0.407706 0.836961 0.877429 0.475843 0.655379 
0.684982 0.201355 0.670762 0.753165 0.544207 0.2837 0.236789 0.300525 0.0855198 0.93203 0.444776 0.231517 0.657381 0.634699 0.543218 0.972225 0.704624 0.424114 0.223178 0.671518 0.469883 0.163809 0.435778 0.589097 0.807824 0.612925 0.330916 0.91392 0.965148 0.307593 0.769347 0.162856 0.299952 0.121462 0.232916 0.137807 0.208737 0.914146 0.848483 0.287647 0.589068 0.0236886 0.565873 0.797692 0.390872 0.946599 0.902391 0.218914 0.461686 0.822148 0.312364 0.600766 0.554377 0.205567 0.917074 0.350644 0.35191 0.63446 0.305303 0.89954 0.198384 0.152349 0.261331 0.755481 
0.316434 0.794235 0.576637 0.75613 0.845996 0.266969 0.00203969 0.738477 0.293038 0.117427 0.508967 0.984556 0.931583 0.327437 0.614282 0.897248 0.987334 0.150737 0.265108 0.928227 0.812659 0.889621 0.660283 0.7649 0.767728 0.0176392 0.185496 0.292963 0.2552 0.604612 0.376293 0.289166 0.498254 0.653494 0.298108 0.219357 0.870185 0.699309 0.881473 0.0347315 0.4368 0.327091 0.403283 0.307483 0.0740916 0.215964 0.725993 0.956607 0.638463 0.493888 0.981027 0.971101 0.747968 0.595015 0.960808 0.492473 0.0222268 0.312244 0.578186 0.137333 0.0394214 0.555489 0.0948937 0.548667 
0.798626 0.424966 0.86228 0.292456 0.939583 0.394653 0.18017 0.771436 0.86241 0.609041 0.236939 0.616455 0.92616 0.291303 0.805315 0.0101462 0.870671 0.823144 0.600756 0.80278 0.686099 0.891906 0.509692 0.507848 0.810287 0.467279 0.00102237 0.0345991 0.179059 0.478733 0.0882526 0.633168 0.0492125 0.495959 0.250899 0.975271 0.361143 0.235612 0.464399 0.965761 0.848862 0.138507 0.869453 0.119698 0.108337 0.00464117 0.510566 0.9772 0.0320882 0.411498 0.719829 0.993282 0.0308897 0.961382 0.352064 0.71254 0.540138 0.98149 0.987102 0.875284 0.641722 0.644866 0.778005 0.11154 
0.488045 0.197998 0.89055 0.696299 0.819035 0.200858 0.316727 0.887337 0.578362 0.910496 0.314817 0.92227 0.976202 0.749673 0.80306 0.613593 0.423459 0.910575 0.110225 0.679507 0.986123 0.787015 0.265699 0.283309 0.212686 0.996816 0.978614 0.310014 0.443123 0.950915 0.784668 0.342114 0.256778 0.445614 0.396987 0.472842 0.214067 0.205513 0.502875 0.0976735 0.258968 0.574772 0.254823 0.894974 0.872379 0.656662 0.708314 0.451934 0.295959 0.384481 0.077774 0.0124274 0.858788 0.602967 0.706312 0.854088 0.159599 0.491778 0.000707296 0.819872 0.814596 0.50347 0.296656 0.709363 
0.569475 0.403157 0.104322 0.278553 0.355884 0.856703 0.276413 0.469968 0.302788 0.571476 0.847569 0.7526 0.443686 0.483001 0.390997 0.52271 0.0878187 0.251856 0.0696099 0.846007 0.611313 0.932759 0.679457 0.461919 0.71504 0.369245 0.876945 0.612555 0.86578 0.391971 0.0230511 0.337482 0.559706 0.618419 0.777322 0.241876 0.542698 0.590376 0.0406025 0.586869 0.443301 0.361242 0.53207 0.462648 0.4483 0.939578 0.78638 0.569372 0.18981 0.860475 0.876008 0.148438 0.240366 0.184038 0.252237 0.770061 0.146154 0.879135 0.813411 0.340621 0.168104 0.445946 0.77256 0.596032 
0.813296 0.0360053 0.708852 0.232459 0.50012 0.515765 0.366356 0.546462 0.423743 0.72395 0.447698 0.993481 0.0978857 0.291704 0.683029 0.0999277 0.663918 0.892697 0.269357 0.789949 0.903179 0.486301 0.27869 0.00505122 0.659581 0.0243076 0.399079 0.438878 0.964424 0.60345 0.207177 0.675081 0.834972 0.812047 0.630843 0.201409 0.46585 0.979972 0.425022 0.63376 0.122249 0.796367 0.066908 0.28963 0.696106 0.659644 0.977667 0.752453 0.877114 0.249591 0.708825 0.949609 0.399378 0.577357 0.187884 0.605136 0.489274 0.135709 0.164085 0.126706 0.8334 0.31933 0.679974 0.762942 
0.336652 0.818155 0.146809 0.23379 0.651358 0.481241 0.907174 0.283427 0.144588 0.361213 0.560425 0.911833 0.573397 0.390173 0.714905 0.39775 0.610669 0.1229 0.463071 0.219884 0.970993 0.561805 0.547002 0.12199 0.841805 0.424371 0.989268 0.0934148 0.71811 0.172526 0.267074 0.564455 0.455003 0.00476575 0.314719 0.691582 0.229612 0.779532 0.6849 0.0949525 0.696213 0.404331 0.498862 0.241104 0.852458 0.260454 0.449555 0.922589 0.131165 0.14697 0.808147 0.205255 0.449683 0.30483 0.161597 0.337861 0.0855155 0.827493 0.502638 0.707145 0.49995 0.940557 0.528933 0.509975 
0.783548 0.658288 0.368012 0.19999 0.290213 0.338159 0.0770612 0.51735 0.697083 0.717907 0.063841 0.421855 0.256863 0.690811 0.865101 0.256568 0.323703 0.631636 0.0422682 0.506502 0.42462 0.187255 0.9738 0.211892 0.9602 0.351792 0.156366 0.895236 0.0383816 0.588808 0.120602 0.616841 0.0138907 0.829033 0.61732 0.865038 0.836827 0.837921 0.432607 0.679698 0.720249 0.524083 0.485123 0.577066 0.148032 0.0184955 0.0705089 0.0420979 0.503452 0.540899 0.62362 0.345846 0.600923 0.831711 0.718217 0.169344 0.0974099 0.981315 0.648435 0.863057 0.1617 0.779925 0.567352 0.227888 
0.197833 0.439633 0.896802 0.714911 0.898019 0.632121 0.394216 0.306232 0.189635 0.945192 0.860006 0.521062 0.555293 0.863028 0.0975773 0.438492 0.479483 0.0285093 0.809604 0.561639 0.873123 0.308316 0.787439 0.586942 0.724481 0.934228 0.922562 0.69563 0.941083 0.546066 0.313429 0.969349 0.552062 0.798026 0.817817 0.522433 0.815059 0.15005 0.873843 0.466128 0.675297 0.993398 0.707192 0.800605 0.361598 0.0225388 0.339742 0.323637 0.141997 0.206094 0.741543 0.356141 0.697495 0.0921183 0.96389 0.791029 0.0426166 0.223174 0.336609 0.575357 0.624694 0.673758 0.416126 0.542741 
0.93745 0.477393 0.0803581 0.828459 0.470221 0.244768 0.153073 0.85241 0.999985 0.225264 0.273122 0.916707 0.984698 0.693384 0.104181 0.92168 0.500944 0.877881 0.194192 0.984371 0.223456 0.553424 0.987238 0.145733 0.212523 0.299864 0.884536 0.831145 0.0500324 0.186738 0.651206 0.769305 0.705006 0.897776 0.945641 0.684316 0.635682 0.888779 0.756916 0.619567 0.726527 0.59863 0.0842796 0.67395 0.373278 0.471567 0.203651 0.450407 0.244521 0.565286 0.204325 0.956436 0.923637 0.422911 0.48685 0.589212 0.742767 0.835697 0.392984 0.331454 0.948955 0.153528 0.437661 0.973558 
0.523464 0.43086 0.386225 0.400874 0.294255 0.296585 0.671524 0.138211 0.0503889 0.10214 0.445154 0.401672 0.709658 0.822575 0.735695 0.917503 0.795914 0.534455 0.984335 0.647771 0.215799 0.141986 0.552207 0.297068 0.866438 0.597386 0.394515 0.606093 0.582163 0.146162 0.550184 0.54995 0.569557 0.574587 0.672648 0.449453 0.545853 0.690481 0.528817 0.864363 0.648324 0.413122 0.556676 0.902307 0.404664 0.406959 0.350006 0.700931 0.905819 0.80816 0.839744 0.676782 0.0143617 0.0029835 0.414026 0.405915 0.979287 0.12865 0.838241 0.764574 0.746384 0.919088 0.571714 0.590108 
0.92576 0.0303041 0.203684 0.293476 0.899782 0.627635 0.155797 0.0572965 0.279733 0.191729 0.45081 0.339329 0.937015 0.751871 0.982726 0.142296 0.401105 0.912164 0.00601093 0.84681 0.789789 0.893658 0.376575 0.31573 0.124368 0.875567 0.554052 0.324699 0.493818 0.878444 0.992294 0.825961 0.311716 0.993028 0.842484 0.321828 0.799749 0.298152 0.832713 0.956701 0.493423 0.960441 0.0154544 0.724319 0.729915 0.550015 0.467109 0.112407 0.103786 0.790618 0.110644 0.226623 0.601831 0.620148 0.704688 0.748705 0.815853 0.847301 0.86876 0.943127 0.518921 0.770235 0.397496 0.777224 
0.329883 0.483236 0.88042 0.71711 0.832334 0.0727736 0.909639 0.606558 0.482072 0.215628 0.747118 0.972405 0.495226 0.84911 0.919356 0.834296 0.0796582 0.454015 0.279093 0.157188 0.223664 0.326662 0.340389 0.322428 0.74175 0.659792 0.956093 0.411825 0.893254 0.958516 0.0870645 0.604271 0.699158 0.023024 0.984895 0.242294 0.97045 0.280759 0.280794 0.435685 0.215988 0.434856 0.891193 0.988899 0.761787 0.861405 0.41111 0.0531964 0.87496 0.638358 0.141663 0.334345 0.841875 0.887419 0.392439 0.682727 0.886615 0.553378 0.327757 0.796559 0.591514 0.318373 0.251476 0.889911 
0.0871211 0.767592 0.80868 0.244313 0.869663 0.802174 0.980394 0.726552 0.590382 0.102077 0.892836 0.0310735 0.131011 0.690418 0.781155 0.538023 0.221134 0.837916 0.865331 0.21945 0.157219 0.283838 0.48012 0.0760302 0.849498 0.685555 0.831856 0.653893 0.71512 0.522108 0.808895 0.565379 0.0783867 0.995403 0.952107 0.518873 0.776464 0.930595 0.101867 0.038688 0.196606 0.190634 0.138766 0.576988 0.672565 0.191378 0.0885918 0.301152 0.10876 0.5695 0.471717 0.879176 0.9846 0.708765 0.0185446 0.5409 0.898439 0.930074 0.937156 0.110693 0.0663081 0.563525 0.630794 0.614072 
0.573635 0.341699 0.0336053 0.416898 0.475563 0.110306 0.0640995 0.234404 0.502353 0.300959 0.667405 0.272622 0.106153 0.927761 0.594858 0.423674 0.341826 0.624173 0.733332 0.260294 0.512356 0.122296 0.557387 0.639206 0.0103862 0.841916 0.167095 0.610932 0.459431 0.0162411 0.0622721 0.208021 0.730694 0.556995 0.137433 0.398852 0.0540193 0.751245 0.233521 0.974461 0.558534 0.0341414 0.159377 0.507867 0.398159 0.62936 0.37677 0.869005 0.581197 0.144387 0.382575 0.21421 0.692857 0.530302 0.966326 0.0520813 0.129614 0.765022 0.509809 0.304007 0.614457 0.418881 0.58891 0.606993 
0.821226 0.870001 0.657563 0.879393 0.446726 0.588422 0.685159 0.724585 0.600284 0.992687 0.957513 0.843731 0.391771 0.234436 0.279704 0.715949 0.886368 0.855972 0.143359 0.0770323 0.0340735 0.929035 0.370543 0.284068 0.830013 0.832621 0.110884 0.3075 0.879915 0.444352 0.0406818 0.608461 0.142295 0.226785 0.683127 0.0523267 0.683206 0.732723 0.93393 0.507914 0.18357 0.499322 0.54403 0.0279478 0.918252 0.439697 0.849952 0.291089 0.820752 0.698558 0.826883 0.520271 0.500639 0.929056 0.749357 0.152116 0.575739 0.798842 0.597748 0.147282 0.831129 0.401151 0.405192 0.369475 
0.704243 0.557607 0.13278 0.306361 0.963328 0.51808 0.806697 0.176245 0.993166 0.878901 0.114828 0.706049 0.211472 0.656973 0.502813 0.184747 0.342726 0.603027 0.501039 0.283905 0.214861 0.296426 0.893694 0.536651 0.114248 0.713827 0.244857 0.107591 0.673899 0.455879 0.236125 0.259502 0.121045 0.509963 0.308842 0.562222 0.795405 0.0837457 0.384642 0.354087 0.63709 0.695594 0.0155615 0.00181625 0.235854 0.135954 0.12372 0.550347 0.839221 0.0635273 0.776069 0.89717 0.526527 0.469348 0.70781 0.432669 0.827608 0.370754 0.0538663 0.172439 0.319599 0.705841 0.459817 0.49331 
0.226173 0.489726 0.0361038 0.973076 0.401409 0.900963 0.351722 0.721355 0.729129 0.0163755 0.869826 0.61428 0.34912 0.485082 0.283149 0.307492 0.0817116 0.0274871 0.522535 0.351616 0.738133 0.585211 0.419056 0.997613 0.448511 0.854526 0.385267 0.721019 0.0750731 0.629948 0.0478127 0.517736 0.164891 0.217519 0.492351 0.610392 0.393786 0.702486 0.618845 0.702823 0.197792 0.119765 0.344212 0.423487 0.331867 0.193751 0.564086 0.863019 0.412702 0.187376 0.672612 0.377483 0.415647 0.884842 0.339239 0.764677 0.13637 0.627242 0.0523021 0.83388 0.794658 0.351314 0.455025 0.996834 
0.968293 0.932895 0.929727 0.891465 0.552384 0.712561 0.547033 0.538828 0.189146 0.619096 0.436255 0.341715 0.954526 0.452523 0.248147 0.653126 0.882833 0.95976 0.51193 0.508134 0.981605 0.352716 0.21145 0.769027 0.777649 0.855762 0.366465 0.0934654 0.856124 0.15429 0.348125 0.78648 0.444614 0.917993 0.476072 0.449088 0.898381 0.5054 0.82355 0.676954 0.287061 0.0101928 0.68624 0.778095 0.714819 0.543707 0.313413 0.750669 0.826553 0.3729 0.845505 0.457824 0.441106 0.971199 0.0804741 0.41001 0.777103 0.094246 0.875784 0.688128 0.175958 0.0517365 0.326808 0.421046 
0.788315 0.910883 0.158572 0.14624 0.63522 0.536303 0.580147 0.967892 0.496011 0.679527 0.738618 0.51123 0.414613 0.0597217 0.204229 0.640785 0.990838 0.147305 0.466996 0.283076 0.765897 0.386802 0.146969 0.0565471 0.869926 0.719494 0.54627 0.707516 0.156782 0.300779 0.60952 0.275956 0.0315422 0.647053 0.194037 0.232334 0.467631 0.860949 0.557595 0.049966 0.879042 0.410195 0.572973 0.00552221 0.850489 0.971979 0.599452 0.47493 0.173085 0.281732 0.225657 0.897317 0.763842 0.695543 0.74493 0.443225 0.664787 0.597393 0.761232 0.0638578 0.362541 0.0664687 0.766055 0.865233 
0.301399 0.94647 0.0326633 0.98328 0.718877 0.249189 0.570378 0.248909 0.950892 0.225145 0.499957 0.899402 0.928896 0.313973 0.558787 0.528825 0.0901921 0.0237888 0.980234 0.578913 0.443924 0.872792 0.0509382 0.364269 0.263828 0.216064 0.97012 0.486452 0.926961 0.000423451 0.877897 0.303101 0.841458 0.425518 0.0851616 0.921172 0.554689 0.0177149 0.227809 0.885441 0.67067 0.922841 0.382542 0.926364 0.494819 0.835848 0.788216 0.178779 0.88857 0.957927 0.768502 0.800119 0.897126 0.517118 0.387235 0.79381 0.744707 0.592806 0.371573 0.83469 0.488813 0.0377483 0.35938 0.456897 
0.189884 0.73451 0.476676 0.755849 0.190047 0.343473 0.369752 0.876444 0.165873 0.805574 0.420697 0.694692 0.405105 0.220851 0.583227 0.437206 0.0783879 0.530995 0.427563 0.0128014 0.29467 0.86516 0.0453494 0.109313 0.892005 0.0686454 0.479702 0.599814 0.325957 0.449659 0.787161 0.73991 0.301433 0.00706475 0.643083 0.056084 0.756636 0.249904 0.156518 0.562111 0.26752 0.474419 0.170506 0.572658 0.776489 0.78875 0.232733 0.256112 0.98521 0.682102 0.375959 0.0337631 0.754798 0.0536395 0.385525 0.669466 0.821373 0.68535 0.978128 0.748355 0.234072 0.66694 0.424335 0.304051 
0.319106 0.712706 0.88401 0.102955 0.472441 0.281801 0.596986 0.985666 0.0514273 0.491631 0.544755 0.307626 0.242606 0.0313917 0.630266 0.876656 0.536094 0.777517 0.648285 0.557822 0.041569 0.386505 0.0623904 0.503831 0.354715 0.226379 0.860006 0.063452 0.263514 0.535377 0.178642 0.809255 0.102008 0.643111 0.548905 0.734238 0.172042 0.64641 0.334864 0.711937 0.930235 0.247592 0.297877 0.437312 0.229979 0.444515 0.970305 0.96869 0.654599 0.283697 0.432768 0.262216 0.962648 0.916503 0.599444 0.588745 0.977733 0.812256 0.300142 0.533381 0.792251 0.531058 0.36045 0.353631 
0.348613 0.849347 0.244965 0.0758826 0.58364 0.480438 0.244574 0.986751 0.930896 0.0404822 0.893748 0.0865574 0.148717 0.472585 0.839937 0.0758597 0.0958001 0.947919 0.215162 0.120037 0.379968 0.631839 0.593283 0.375399 0.874558 0.139454 0.297369 0.932158 0.276148 0.816246 0.739021 0.0254279 0.657025 0.942256 0.699922 0.194411 0.220308 0.0105987 0.881741 0.358513 0.783609 0.370847 0.219903 0.531574 0.478927 0.199595 0.0354107 0.654888 0.364322 0.937367 0.685921 0.843217 0.652037 0.54718 0.516923 0.989321 0.226994 0.38116 0.875689 0.104019 0.436579 0.843142 0.622111 0.488133 
0.373162 0.76873 0.457437 0.31685 0.608667 0.517378 0.362387 0.145582 0.747964 0.347112 0.760559 0.0247216 0.789733 0.517003 0.929699 0.822154 0.277244 0.910361 0.910467 0.401725 0.551067 0.624815 5.15316e-05 0.350398 0.976174 0.611569 0.247545 0.987457 0.734107 0.772524 0.777788 0.985058 0.203733 0.948756 0.924767 0.819014 0.923044 0.307246 0.250835 0.271271 0.578723 0.748562 0.142215 0.019947 0.441437 0.0964978 0.208712 0.375147 0.405287 0.643261 0.808723 0.665775 0.672872 0.264334 0.0598689 0.682926 0.719065 0.464495 0.847318 0.207695 0.886671 0.0599614 0.248935 0.845514 
0.647768 0.564454 0.260523 0.685209 0.735646 0.403945 0.51692 0.513202 0.259971 0.00634027 0.175182 0.0479773 0.833858 0.648786 0.620244 0.487477 0.938925 0.903744 0.579462 0.111498 0.946463 0.397147 0.846611 0.944702 0.261279 0.543778 0.860762 0.91371 0.949908 0.9562 0.506849 0.555869 0.966807 0.707841 0.466911 0.959725 0.312611 0.13137 0.933478 0.495849 0.365266 0.273588 0.729955 0.938424 0.897834 0.941714 0.351958 0.691074 0.603154 0.686445 0.606788 0.796443 0.0895349 0.594339 0.546467 0.163496 0.54714 0.575194 0.611956 0.101325 0.785645 0.585101 0.131407 0.539062 
0.224422 0.307913 0.510889 0.585483 0.458167 0.421483 0.441776 0.267702 0.999526 0.584203 0.529067 0.625795 0.445663 0.86247 0.53249 0.338338 0.611899 0.296564 0.510141 0.231 0.943229 0.758125 0.603362 0.887244 0.640727 0.0350656 0.325515 0.97084 0.0366868 0.68253 0.372879 0.204428 0.059892 0.931672 0.427184 0.989838 0.48868 0.622055 0.432668 0.466441 0.846356 0.938633 0.0815306 0.745074 0.286768 0.364459 0.0662366 0.795342 0.531786 0.987315 0.511828 0.743491 0.187437 0.209749 0.918496 0.19368 0.877499 0.976162 0.60656 0.98288 0.840645 0.350098 0.13416 0.594053 
0.800534 0.136499 0.914682 0.370869 0.122398 0.387294 0.476219 0.240883 0.673814 0.642176 0.0976085 0.686448 0.875868 0.379105 0.93901 0.859117 0.893677 0.894266 0.128419 0.34 0.903193 0.731246 0.933845 0.371803 0.0487993 0.952453 0.724536 0.834917 0.0295239 0.883017 0.274936 0.292578 0.319179 0.755191 0.91702 0.0878767 0.451066 0.195899 0.160327 0.12616 0.254664 0.810306 0.686043 0.850739 0.255613 0.917125 0.206678 0.0287049 0.621122 0.180437 0.826423 0.324352 0.590094 0.395382 0.482349 0.21223 0.793735 0.238098 0.728276 0.759187 0.672674 0.335751 0.609154 0.316098 
0.846649 0.95274 0.00197546 0.990742 0.609444 0.659331 0.101332 0.580605 0.532263 0.913084 0.795472 0.728109 0.735109 0.183124 0.737372 0.726161 0.361697 0.965283 0.0860592 0.15386 0.0224715 0.853144 0.945996 0.519369 0.385768 0.379511 0.835407 0.859062 0.282237 0.736246 0.767386 0.606703 0.452283 0.679268 0.433713 0.639981 0.120017 0.683392 0.757385 0.905347 0.268694 0.442684 0.264771 0.0118173 0.927584 0.422212 0.974169 0.925392 0.0508564 0.0618474 0.495955 0.945175 0.355571 0.558855 0.174614 0.271162 0.565871 0.517641 0.883385 0.826532 0.864769 0.844565 0.51512 0.501806 
0.165995 0.777424 0.650382 0.762804 0.256391 0.404372 0.263065 0.0620682 0.428952 0.000343277 0.486855 0.572151 0.644546 0.340763 0.574945 0.399903 0.643739 0.607999 0.360532 0.0978782 0.804859 0.699468 0.106359 0.547788 0.563857 0.146125 0.187161 0.348843 0.4472 0.494375 0.98334 0.0696538 0.41929 0.928698 0.454542 0.712007 0.000337846 0.338913 0.626271 0.619998 0.388623 0.268678 0.944872 0.0882666 0.371621 0.832675 0.919423 0.191209 0.15341 0.0257222 0.266848 0.138511 0.514633 0.286585 0.442936 0.148765 0.0109343 0.253377 0.0794449 0.124314 0.171533 0.398206 0.332394 0.101963 
0.0190102 0.970507 0.884864 0.668958 0.943664 0.237651 0.392121 0.649859 0.0554506 0.329674 0.994873 0.271574 0.14024 0.925359 0.647489 0.355691 0.05395 0.132314 0.128542 0.428614 0.824608 0.137538 0.573998 0.660536 0.363041 0.410456 0.278399 0.946871 0.991573 0.746798 0.0776581 0.448312 0.413427 0.901998 0.24346 0.308843 0.685316 0.600973 0.977352 0.373205 0.679218 0.13697 0.048355 0.438908 0.734569 0.619684 0.887329 0.341429 0.0520582 0.0232009 0.0805484 0.269888 0.578821 0.541105 0.35036 0.0429493 0.692871 0.912172 0.877806 0.383008 0.717428 0.381173 0.475363 0.675938 
0.404447 0.871553 0.459371 0.379325 0.518762 0.555343 0.362445 0.430053 0.540238 0.0263617 0.267703 0.0140724 0.024123 0.684455 0.216329 0.457078 0.334914 0.22834 0.174334 0.79312 0.911953 0.608449 0.319954 0.654221 0.373825 0.309298 0.0356463 0.178253 0.754345 0.149297 0.692268 0.301735 0.938979 0.540968 0.562164 0.280143 0.193297 0.227809 0.195525 0.312828 0.477094 0.0389778 0.757852 0.275752 0.740692 0.479418 0.711195 0.632485 0.728919 0.0302891 0.84803 0.998073 0.527567 0.486785 0.942588 0.169791 0.560918 0.857994 0.918739 0.00627813 0.185016 0.564377 0.174253 0.887284 
0.724147 0.647109 0.341022 0.816522 0.0726308 0.301871 0.708434 0.407722 0.188622 0.208541 0.846052 0.202796 0.479375 0.815988 0.526275 0.902624 0.34229 0.443738 0.806295 0.827579 0.0659221 0.78463 0.743507 0.339098 0.609092 0.869653 0.921662 0.669637 0.567522 0.325522 0.90544 0.232521 0.988255 0.777991 0.777674 0.0800197 0.805696 0.0800258 0.285159 0.513149 0.561951 0.381138 0.330356 0.378892 0.33365 0.920748 0.132802 0.77723 0.651175 0.431464 0.207201 0.417481 0.896501 0.0703791 0.262837 0.382083 0.0607643 0.165373 0.679408 0.0861219 0.243132 0.126998 0.878087 0.49495 
0.267033 0.356515 0.251802 0.869647 0.0297657 0.507047 0.311472 0.611784 0.350003 0.491849 0.493671 0.952334 0.955326 0.184918 0.136803 0.215788 0.00753655 0.609669 0.0368855 0.184077 0.459869 0.875385 0.929989 0.839856 0.588103 0.256205 0.160151 0.160848 0.983517 0.395907 0.738579 0.0395965 0.25987 0.321314 0.72601 0.573807 0.642397 0.188027 0.00588756 0.441978 0.269281 0.0214893 0.597893 0.891362 0.365406 0.863738 0.679859 0.0243805 0.80584 0.10442 0.485432 0.268618 0.038284 0.568325 0.329314 0.251442 0.263035 0.812759 0.316018 0.382002 0.000108869 0.567312 0.407643 0.886478 
0.637899 0.148669 0.460759 0.709186 0.213383 0.858688 0.439052 0.0917525 0.814247 0.0428118 0.0284229 0.776355 0.660371 0.190115 0.695775 0.0689518 0.571282 0.697225 0.589292 0.620001 0.751958 0.329113 0.496187 0.361739 0.159996 0.256304 0.0719484 0.819791 0.309529 0.114621 0.511621 0.182612 0.144142 0.366684 0.226746 0.942563 0.847424 0.4886 0.970857 0.566981 0.23235 0.947715 0.274584 0.99559 0.764411 0.841981 0.886186 0.444096 0.75749 0.00153155 0.372809 0.800653 0.396312 0.568477 0.251191 0.67717 0.710101 0.269221 0.0139983 0.664 0.701428 0.772554 0.735165 0.770066 
0.359207 0.931804 0.95061 0.526586 0.744246 0.584765 0.322323 0.815071 0.258406 0.568616 0.666057 0.365044 0.205161 0.514367 0.226288 0.0292001 0.452026 0.206858 0.870392 0.333702 0.366217 0.97713 0.725818 0.58786 0.604669 0.583729 0.262633 0.401287 0.370267 0.676084 0.716624 0.557845 0.786409 0.59136 0.212208 0.868342 0.512675 0.978746 0.594641 0.0547047 0.862829 0.476421 0.430917 0.221315 0.594552 0.375179 0.756623 0.980759 0.264894 0.930563 0.907995 0.895065 0.197593 0.202701 0.691961 0.68526 0.573972 0.314377 0.0795356 0.180137 0.730996 0.923682 0.380513 0.49849 
0.626517 0.369336 0.899129 0.317942 0.682256 0.344257 0.506825 0.433008 0.988255 0.789722 0.950671 0.924906 0.402369 0.661182 0.153986 0.696143 0.873707 0.247962 0.830324 0.236577 0.609592 0.839104 0.037242 0.818826 0.170156 0.562914 0.619401 0.418574 0.276371 0.394247 0.179265 0.552071 0.10611 0.550879 0.0998215 0.39637 0.344665 0.437885 0.995192 0.17068 0.910623 0.300899 0.668953 0.418293 0.481362 0.568593 0.492621 0.885041 0.104054 0.857024 0.302559 0.272671 0.139001 0.898432 0.21229 0.868091 0.733623 0.327184 0.458459 0.430044 0.617496 0.547193 0.0687154 0.74615 
0.713418 0.783873 0.926585 0.487005 0.974699 0.10637 0.607342 0.525465 0.727507 0.774219 0.185176 0.795863 0.367636 0.469611 0.732746 0.76758 0.264582 0.851204 0.60902 0.230758 0.298623 0.0800433 0.21869 0.696607 0.851186 0.780187 0.386864 0.688733 0.0147058 0.957582 0.758966 0.572832 0.579012 0.289265 0.265614 0.147687 0.853348 0.112015 0.600537 0.165518 0.746784 0.746575 0.657931 0.556895 0.0555551 0.908128 0.686184 0.854561 0.348106 0.832305 0.547395 0.171119 0.974717 0.0444756 0.566613 0.51803 0.22829 0.322467 0.669293 0.548281 0.86738 0.387806 0.983929 0.817916 
0.294784 0.207391 0.866243 0.0902043 0.323126 0.652951 0.304799 0.956304 0.288668 0.199935 0.715491 0.475562 0.469617 0.771533 0.701386 0.626303 0.844377 0.740736 0.690215 0.646801 0.37932 0.376752 0.965949 0.188358 0.334263 0.173112 0.536055 0.22354 0.0911185 0.405555 0.214412 0.802089 0.38951 0.520059 0.387129 0.421236 0.574635 0.303499 0.789661 0.818598 0.0106938 0.262085 0.156229 0.387311 0.506354 0.107884 0.284169 0.256033 0.527474 0.625121 0.262566 0.205691 0.277347 0.914794 0.842393 0.324154 0.781541 0.546305 0.135475 0.334055 0.451533 0.239571 0.108855 0.439555 
0.90056 0.056728 0.771879 0.205755 0.809129 0.928097 0.172713 0.12066 0.321759 0.973981 0.717448 0.462888 0.268656 0.235913 0.929099 0.246407 0.907659 0.432206 0.663671 0.519182 0.289631 0.209973 0.860857 0.821881 0.940769 0.745617 0.977582 0.864943 0.862743 0.644868 0.00596404 0.31748 0.339814 0.0576327 0.311953 0.878994 0.139518 0.0706044 0.679442 0.339478 0.062963 0.236321 0.16595 0.542078 0.2582 0.240232 0.437906 0.70344 0.371512 0.646362 0.953808 0.356302 0.302729 0.703066 0.0764027 0.326973 0.356194 0.966613 0.681233 0.404753 0.295291 0.769332 0.0239507 0.370022 
0.268052 0.91982 0.846454 0.619913 0.909883 0.710384 0.351474 0.12022 0.961046 0.919163 0.648172 0.8982 0.765645 0.722082 0.248174 0.851678 0.22098 0.64271 0.583576 0.307462 0.185564 0.720209 0.995336 0.922873 0.374095 0.669726 0.676634 0.711116 0.0171757 0.538596 0.0779181 0.658713 0.146958 0.624844 0.444568 0.328809 0.0750761 0.358736 0.946994 0.9744 0.729413 0.474008 0.944261 0.132021 0.620332 0.996732 0.934497 0.730667 0.624647 0.0199342 0.410503 0.491435 0.857773 0.594418 0.0380331 0.149032 0.351925 0.0460793 0.251371 0.731647 0.50902 0.915859 0.486269 0.905943 
0.0612681 0.251579 0.631562 0.979942 0.0920344 0.0939332 0.0387428 0.825497 0.0387358 0.736496 0.590702 0.536603 0.756513 0.777241 0.744203 0.107661 0.136595 0.527164 0.803963 0.0124831 0.0599907 0.549997 0.0222397 0.840021 0.233444 0.432983 0.54392 0.641066 0.135515 0.830361 0.122829 0.254639 0.706155 0.961743 0.830939 0.804762 0.589206 0.686921 0.299144 0.880717 0.699378 0.0909553 0.166981 0.439207 0.517961 0.74653 0.201154 0.268602 0.337351 0.518499 0.476774 0.509785 0.0296791 0.791458 0.30625 0.63547 0.901057 0.643488 0.670342 0.0583572 0.946567 0.94072 0.654949 0.152281 
0.623387 0.948968 0.443834 0.0944677 0.651403 0.827043 0.89879 0.137307 0.540748 0.800238 0.146845 0.0844985 0.339371 0.331794 0.812453 0.266452 0.633495 0.0817497 0.931436 0.321931 0.174575 0.907676 0.609025 0.109824 0.898516 0.718108 0.444352 0.776535 0.985217 0.607957 0.822527 0.501828 0.823777 0.0544165 0.199893 0.467156 0.975269 0.859652 0.513589 0.705779 0.871989 0.298639 0.854111 0.231989 0.464854 0.2558 0.53677 0.342698 0.4871 0.96293 0.0195369 0.846853 0.84091 0.355762 0.142118 0.265225 0.386027 0.484213 0.979621 0.888845 0.141706 0.849662 0.530607 0.940808 
0.770453 0.2158 0.390658 0.819936 0.378933 0.98922 0.573569 0.24756 0.351631 0.118241 0.676448 0.876962 0.00865266 0.0123916 0.507052 0.153738 0.693871 0.224128 0.162301 0.317885 0.273709 0.683265 0.599377 0.650483 0.131311 0.766774 0.0658603 0.354336 0.634301 0.0881787 0.115066 0.701754 0.384202 0.967738 0.145891 0.529132 0.406755 0.485901 0.888765 0.349008 0.848751 0.356893 0.80309 0.698636 0.448834 0.711657 0.508009 0.733025 0.767841 0.149315 0.0898817 0.904563 0.316162 0.050054 0.426464 0.152221 0.116017 0.134344 0.476312 0.418428 0.289461 0.182863 0.39174 0.913738 
0.148699 0.840801 0.889541 0.558893 0.562626 0.678102 0.928599 0.174114 0.476959 0.644903 0.10335 0.266151 0.408024 0.535134 0.983958 0.106624 0.410615 0.954725 0.377183 0.438905 0.869213 0.523044 0.746745 0.924232 0.0369835 0.813913 0.476847 0.355152 0.509844 0.33956 0.253442 0.511213 0.988976 0.114162 0.1067 0.392765 0.572188 0.972397 0.672469 0.250496 0.849598 0.293752 0.585743 0.40787 0.724747 0.63749 0.289257 0.220914 0.904613 0.719444 0.484243 0.93405 0.347224 0.6341 0.471946 0.575599 0.0278232 0.884122 0.485577 0.0314219 0.191863 0.132696 0.362879 0.053376 

This is the Matrix in Column Major Order 
0.18949 0.957834 0.56756 0.475119 0.939571 0.729762 0.182383 0.607431 0.269018 0.193635 0.128422 0.421737 0.655509 0.580373 0.522239 0.57082 0.520164 0.708036 0.196538 0.684982 0.316434 0.798626 0.488045 0.569475 0.813296 0.336652 0.783548 0.197833 0.93745 0.523464 0.92576 0.329883 0.0871211 0.573635 0.821226 0.704243 0.226173 0.968293 0.788315 0.301399 0.189884 0.319106 0.348613 0.373162 0.647768 0.224422 0.800534 0.846649 0.165995 0.0190102 0.404447 0.724147 0.267033 0.637899 0.359207 0.626517 0.713418 0.294784 0.90056 0.268052 0.0612681 0.623387 0.770453 0.148699 
0.15459 0.893968 0.92405 0.877616 0.0483031 0.683057 0.939979 0.109311 0.488487 0.757898 0.718962 0.385305 0.740459 0.101496 0.652994 0.277516 0.302969 0.583777 0.577333 0.201355 0.794235 0.424966 0.197998 0.403157 0.0360053 0.818155 0.658288 0.439633 0.477393 0.43086 0.0303041 0.483236 0.767592 0.341699 0.870001 0.557607 0.489726 0.932895 0.910883 0.94647 0.73451 0.712706 0.849347 0.76873 0.564454 0.307913 0.136499 0.95274 0.777424 0.970507 0.871553 0.647109 0.356515 0.148669 0.931804 0.369336 0.783873 0.207391 0.056728 0.91982 0.251579 0.948968 0.2158 0.840801 
0.881048 0.121134 0.151192 0.0967067 0.732735 0.48739 0.6473 0.741726 0.729196 0.0855639 0.329791 0.114322 0.622111 0.107005 0.902555 0.763551 0.718724 0.886139 0.216911 0.670762 0.576637 0.86228 0.89055 0.104322 0.708852 0.146809 0.368012 0.896802 0.0803581 0.386225 0.203684 0.88042 0.80868 0.0336053 0.657563 0.13278 0.0361038 0.929727 0.158572 0.0326633 0.476676 0.88401 0.244965 0.457437 0.260523 0.510889 0.914682 0.00197546 0.650382 0.884864 0.459371 0.341022 0.251802 0.460759 0.95061 0.899129 0.926585 0.866243 0.771879 0.846454 0.631562 0.443834 0.390658 0.889541 
0.849405 0.723895 0.224699 0.803632 0.58104 0.191605 0.230567 0.683126 0.361173 0.154282 0.367175 0.161508 0.476516 0.0545713 0.021664 0.386125 0.598506 0.595083 0.28591 0.753165 0.75613 0.292456 0.696299 0.278553 0.232459 0.23379 0.19999 0.714911 0.828459 0.400874 0.293476 0.71711 0.244313 0.416898 0.879393 0.306361 0.973076 0.891465 0.14624 0.98328 0.755849 0.102955 0.0758826 0.31685 0.685209 0.585483 0.370869 0.990742 0.762804 0.668958 0.379325 0.816522 0.869647 0.709186 0.526586 0.317942 0.487005 0.0902043 0.205755 0.619913 0.979942 0.0944677 0.819936 0.558893 
0.113853 0.155459 0.133318 0.855284 0.947521 0.424977 0.179684 0.429785 0.39393 0.0692127 0.925999 0.533577 0.213031 0.421161 0.537616 0.41798 0.585322 0.499942 0.859824 0.544207 0.845996 0.939583 0.819035 0.355884 0.50012 0.651358 0.290213 0.898019 0.470221 0.294255 0.899782 0.832334 0.869663 0.475563 0.446726 0.963328 0.401409 0.552384 0.63522 0.718877 0.190047 0.472441 0.58364 0.608667 0.735646 0.458167 0.122398 0.609444 0.256391 0.943664 0.518762 0.0726308 0.0297657 0.213383 0.744246 0.682256 0.974699 0.323126 0.809129 0.909883 0.0920344 0.651403 0.378933 0.562626 
0.0125629 0.700093 0.659519 0.477268 0.449708 0.894883 0.484712 0.966801 0.240708 0.648452 0.440408 0.92323 0.884172 0.883271 0.686949 0.835577 0.204692 0.194078 0.554286 0.2837 0.266969 0.394653 0.200858 0.856703 0.515765 0.481241 0.338159 0.632121 0.244768 0.296585 0.627635 0.0727736 0.802174 0.110306 0.588422 0.51808 0.900963 0.712561 0.536303 0.249189 0.343473 0.281801 0.480438 0.517378 0.403945 0.421483 0.387294 0.659331 0.404372 0.237651 0.555343 0.301871 0.507047 0.858688 0.584765 0.344257 0.10637 0.652951 0.928097 0.710384 0.0939332 0.827043 0.98922 0.678102 
0.748231 0.319649 0.833146 0.736772 0.727207 0.624445 0.856322 0.576356 0.453609 0.452296 0.883122 0.0324099 0.153198 0.631276 0.547373 0.0737694 0.800325 0.711629 0.8857 0.236789 0.00203969 0.18017 0.316727 0.276413 0.366356 0.907174 0.0770612 0.394216 0.153073 0.671524 0.155797 0.909639 0.980394 0.0640995 0.685159 0.806697 0.351722 0.547033 0.580147 0.570378 0.369752 0.596986 0.244574 0.362387 0.51692 0.441776 0.476219 0.101332 0.263065 0.392121 0.362445 0.708434 0.311472 0.439052 0.322323 0.506825 0.607342 0.304799 0.172713 0.351474 0.0387428 0.89879 0.573569 0.928599 
0.746495 0.847738 0.325932 0.378387 0.833949 0.159807 0.286852 0.987477 0.71682 0.117441 0.295037 0.65805 0.148123 0.074217 0.943447 0.397224 0.602201 0.255985 0.282306 0.300525 0.738477 0.771436 0.887337 0.469968 0.546462 0.283427 0.51735 0.306232 0.85241 0.138211 0.0572965 0.606558 0.726552 0.234404 0.724585 0.176245 0.721355 0.538828 0.967892 0.248909 0.876444 0.985666 0.986751 0.145582 0.513202 0.267702 0.240883 0.580605 0.0620682 0.649859 0.430053 0.407722 0.611784 0.0917525 0.815071 0.433008 0.525465 0.956304 0.12066 0.12022 0.825497 0.137307 0.24756 0.174114 
0.856755 0.248722 0.940232 0.438188 0.26112 0.139921 0.409939 0.403671 0.0761832 0.586156 0.469893 0.199915 0.307166 0.5427 0.927084 0.0431303 0.597012 0.609897 0.0284199 0.0855198 0.293038 0.86241 0.578362 0.302788 0.423743 0.144588 0.697083 0.189635 0.999985 0.0503889 0.279733 0.482072 0.590382 0.502353 0.600284 0.993166 0.729129 0.189146 0.496011 0.950892 0.165873 0.0514273 0.930896 0.747964 0.259971 0.999526 0.673814 0.532263 0.428952 0.0554506 0.540238 0.188622 0.350003 0.814247 0.258406 0.988255 0.727507 0.288668 0.321759 0.961046 0.0387358 0.540748 0.351631 0.476959 
0.540138 0.11887 0.806397 0.889755 0.998549 0.874112 0.39416 0.349112 0.472664 0.911766 0.99529 0.312876 0.369633 0.712851 0.727637 0.704926 0.773125 0.34599 0.582906 0.93203 0.117427 0.609041 0.910496 0.571476 0.72395 0.361213 0.717907 0.945192 0.225264 0.10214 0.191729 0.215628 0.102077 0.300959 0.992687 0.878901 0.0163755 0.619096 0.679527 0.225145 0.805574 0.491631 0.0404822 0.347112 0.00634027 0.584203 0.642176 0.913084 0.000343277 0.329674 0.0263617 0.208541 0.491849 0.0428118 0.568616 0.789722 0.774219 0.199935 0.973981 0.919163 0.736496 0.800238 0.118241 0.644903 
0.620595 0.426556 0.659622 0.298387 0.365534 0.963039 0.932007 0.138108 0.257009 0.306839 0.802634 0.495441 0.787305 0.145682 0.37363 0.875531 0.949261 0.0321812 0.0340995 0.444776 0.508967 0.236939 0.314817 0.847569 0.447698 0.560425 0.063841 0.860006 0.273122 0.445154 0.45081 0.747118 0.892836 0.667405 0.957513 0.114828 0.869826 0.436255 0.738618 0.499957 0.420697 0.544755 0.893748 0.760559 0.175182 0.529067 0.0976085 0.795472 0.486855 0.994873 0.267703 0.846052 0.493671 0.0284229 0.666057 0.950671 0.185176 0.715491 0.717448 0.648172 0.590702 0.146845 0.676448 0.10335 
0.330196 0.00481601 0.121896 0.617443 0.0541409 0.247641 0.381378 0.34862 0.83573 0.504192 0.540973 0.575897 0.672246 0.160734 0.000271566 0.0480674 0.755137 0.66217 0.0275487 0.231517 0.984556 0.616455 0.92227 0.7526 0.993481 0.911833 0.421855 0.521062 0.916707 0.401672 0.339329 0.972405 0.0310735 0.272622 0.843731 0.706049 0.61428 0.341715 0.51123 0.899402 0.694692 0.307626 0.0865574 0.0247216 0.0479773 0.625795 0.686448 0.728109 0.572151 0.271574 0.0140724 0.202796 0.952334 0.776355 0.365044 0.924906 0.795863 0.475562 0.462888 0.8982 0.536603 0.0844985 0.876962 0.266151 
0.626727 0.907689 0.59469 0.360203 0.669006 0.240572 0.0935779 0.430502 0.583586 0.309065 0.540025 0.364779 0.472239 0.79212 0.762223 0.105123 0.930256 0.435298 0.451662 0.657381 0.931583 0.92616 0.976202 0.443686 0.0978857 0.573397 0.256863 0.555293 0.984698 0.709658 0.937015 0.495226 0.131011 0.106153 0.391771 0.211472 0.34912 0.954526 0.414613 0.928896 0.405105 0.242606 0.148717 0.789733 0.833858 0.445663 0.875868 0.735109 0.644546 0.14024 0.024123 0.479375 0.955326 0.660371 0.205161 0.402369 0.367636 0.469617 0.268656 0.765645 0.756513 0.339371 0.00865266 0.408024 
0.468755 0.700798 0.0791084 0.661754 0.740577 0.119122 0.834989 0.229584 0.0882981 0.815328 0.525834 0.589662 0.882777 0.884766 0.361523 0.487425 0.371622 0.990914 0.702768 0.634699 0.327437 0.291303 0.749673 0.483001 0.291704 0.390173 0.690811 0.863028 0.693384 0.822575 0.751871 0.84911 0.690418 0.927761 0.234436 0.656973 0.485082 0.452523 0.0597217 0.313973 0.220851 0.0313917 0.472585 0.517003 0.648786 0.86247 0.379105 0.183124 0.340763 0.925359 0.684455 0.815988 0.184918 0.190115 0.514367 0.661182 0.469611 0.771533 0.235913 0.722082 0.777241 0.331794 0.0123916 0.535134 
0.491482 0.160539 0.548635 0.973601 0.642173 0.555631 0.297444 0.814984 0.474521 0.580686 0.987204 0.774757 0.597337 0.689892 0.52991 0.102844 0.484047 0.406856 0.905185 0.543218 0.614282 0.805315 0.80306 0.390997 0.683029 0.714905 0.865101 0.0975773 0.104181 0.735695 0.982726 0.919356 0.781155 0.594858 0.279704 0.502813 0.283149 0.248147 0.204229 0.558787 0.583227 0.630266 0.839937 0.929699 0.620244 0.53249 0.93901 0.737372 0.574945 0.647489 0.216329 0.526275 0.136803 0.695775 0.226288 0.153986 0.732746 0.701386 0.929099 0.248174 0.744203 0.812453 0.507052 0.983958 
0.374183 0.369385 0.845621 0.969398 0.886291 0.365799 0.579109 0.651613 0.321611 0.847035 0.887188 0.50058 0.77439 0.113155 0.285131 0.238233 0.341088 0.902814 0.606472 0.972225 0.897248 0.0101462 0.613593 0.52271 0.0999277 0.39775 0.256568 0.438492 0.92168 0.917503 0.142296 0.834296 0.538023 0.423674 0.715949 0.184747 0.307492 0.653126 0.640785 0.528825 0.437206 0.876656 0.0758597 0.822154 0.487477 0.338338 0.859117 0.726161 0.399903 0.355691 0.457078 0.902624 0.215788 0.0689518 0.0292001 0.696143 0.76758 0.626303 0.246407 0.851678 0.107661 0.266452 0.153738 0.106624 
0.0909854 0.550949 0.556531 0.296532 0.1081 0.742101 0.728912 0.635389 0.637254 0.258029 0.423477 0.58243 0.448305 0.19296 0.965142 0.541962 0.754155 0.313636 0.421183 0.704624 0.987334 0.870671 0.423459 0.0878187 0.663918 0.610669 0.323703 0.479483 0.500944 0.795914 0.401105 0.0796582 0.221134 0.341826 0.886368 0.342726 0.0817116 0.882833 0.990838 0.0901921 0.0783879 0.536094 0.0958001 0.277244 0.938925 0.611899 0.893677 0.361697 0.643739 0.05395 0.334914 0.34229 0.00753655 0.571282 0.452026 0.873707 0.264582 0.844377 0.907659 0.22098 0.136595 0.633495 0.693871 0.410615 
0.949709 0.309586 0.564351 0.801641 0.809793 0.210455 0.196267 0.845923 0.575934 0.706523 0.707519 0.406576 0.895009 0.273882 0.841025 0.43089 0.943038 0.533412 0.532614 0.424114 0.150737 0.823144 0.910575 0.251856 0.892697 0.1229 0.631636 0.0285093 0.877881 0.534455 0.912164 0.454015 0.837916 0.624173 0.855972 0.603027 0.0274871 0.95976 0.147305 0.0237888 0.530995 0.777517 0.947919 0.910361 0.903744 0.296564 0.894266 0.965283 0.607999 0.132314 0.22834 0.443738 0.609669 0.697225 0.206858 0.247962 0.851204 0.740736 0.432206 0.64271 0.527164 0.0817497 0.224128 0.954725 
0.0614283 0.150393 0.822426 0.651893 0.120365 0.0991955 0.217029 0.678671 0.473703 0.838664 0.204007 0.200205 0.506084 0.204724 0.677547 0.842568 0.0587911 0.036565 0.562335 0.223178 0.265108 0.600756 0.110225 0.0696099 0.269357 0.463071 0.0422682 0.809604 0.194192 0.984335 0.00601093 0.279093 0.865331 0.733332 0.143359 0.501039 0.522535 0.51193 0.466996 0.980234 0.427563 0.648285 0.215162 0.910467 0.579462 0.510141 0.128419 0.0860592 0.360532 0.128542 0.174334 0.806295 0.0368855 0.589292 0.870392 0.830324 0.60902 0.690215 0.663671 0.583576 0.803963 0.931436 0.162301 0.377183 
0.681072 0.129595 0.121011 0.511809 0.238256 0.546873 0.411534 0.181321 0.469585 0.951667 0.635345 0.240231 0.41284 0.789949 0.010225 0.259043 0.802858 0.922707 0.48205 0.671518 0.928227 0.80278 0.679507 0.846007 0.789949 0.219884 0.506502 0.561639 0.984371 0.647771 0.84681 0.157188 0.21945 0.260294 0.0770323 0.283905 0.351616 0.508134 0.283076 0.578913 0.0128014 0.557822 0.120037 0.401725 0.111498 0.231 0.34 0.15386 0.0978782 0.428614 0.79312 0.827579 0.184077 0.620001 0.333702 0.236577 0.230758 0.646801 0.519182 0.307462 0.0124831 0.321931 0.317885 0.438905 
0.896894 0.896657 0.977889 0.67523 0.747746 0.959085 0.757312 0.0512285 0.658263 0.614031 0.494333 0.53604 0.912575 0.161471 0.949152 0.256592 0.501384 0.123811 0.473229 0.469883 0.812659 0.686099 0.986123 0.611313 0.903179 0.970993 0.42462 0.873123 0.223456 0.215799 0.789789 0.223664 0.157219 0.512356 0.0340735 0.214861 0.738133 0.981605 0.765897 0.443924 0.29467 0.041569 0.379968 0.551067 0.946463 0.943229 0.903193 0.0224715 0.804859 0.824608 0.911953 0.0659221 0.459869 0.751958 0.366217 0.609592 0.298623 0.37932 0.289631 0.185564 0.0599907 0.174575 0.273709 0.869213 
0.893439 0.22874 0.0768663 0.958303 0.467984 0.960739 0.113747 0.586996 0.949351 0.638096 0.81699 0.470624 0.870695 0.732913 0.560756 0.969326 0.977412 0.712476 0.907813 0.163809 0.889621 0.891906 0.787015 0.932759 0.486301 0.561805 0.187255 0.308316 0.553424 0.141986 0.893658 0.326662 0.283838 0.122296 0.929035 0.296426 0.585211 0.352716 0.386802 0.872792 0.86516 0.386505 0.631839 0.624815 0.397147 0.758125 0.731246 0.853144 0.699468 0.137538 0.608449 0.78463 0.875385 0.329113 0.97713 0.839104 0.0800433 0.376752 0.209973 0.720209 0.549997 0.907676 0.683265 0.523044 
0.198971 0.670962 0.247615 0.0181296 0.141317 0.261384 0.158322 0.145593 0.431732 0.126226 0.0290449 0.437105 0.354337 0.0919179 0.704447 0.721453 0.420763 0.426716 0.700276 0.435778 0.660283 0.509692 0.265699 0.679457 0.27869 0.547002 0.9738 0.787439 0.987238 0.552207 0.376575 0.340389 0.48012 0.557387 0.370543 0.893694 0.419056 0.21145 0.146969 0.0509382 0.0453494 0.0623904 0.593283 5.15316e-05 0.846611 0.603362 0.933845 0.945996 0.106359 0.573998 0.319954 0.743507 0.929989 0.496187 0.725818 0.037242 0.21869 0.965949 0.860857 0.995336 0.0222397 0.609025 0.599377 0.746745 
0.97506 0.665252 0.671124 0.599898 0.500838 0.552208 0.0250546 0.858181 0.977514 0.232381 0.782268 0.700815 0.68917 0.810954 0.646983 0.67367 0.710797 0.466442 0.643993 0.589097 0.7649 0.507848 0.283309 0.461919 0.00505122 0.12199 0.211892 0.586942 0.145733 0.297068 0.31573 0.322428 0.0760302 0.639206 0.284068 0.536651 0.997613 0.769027 0.0565471 0.364269 0.109313 0.503831 0.375399 0.350398 0.944702 0.887244 0.371803 0.519369 0.547788 0.660536 0.654221 0.339098 0.839856 0.361739 0.58786 0.818826 0.696607 0.188358 0.821881 0.922873 0.840021 0.109824 0.650483 0.924232 
0.497735 0.762932 0.153376 0.954328 0.81137 0.247704 0.125616 0.217619 0.792266 0.276739 0.297173 0.683604 0.653819 0.368635 0.427326 0.843175 0.1779 0.21763 0.655098 0.807824 0.767728 0.810287 0.212686 0.71504 0.659581 0.841805 0.9602 0.724481 0.212523 0.866438 0.124368 0.74175 0.849498 0.0103862 0.830013 0.114248 0.448511 0.777649 0.869926 0.263828 0.892005 0.354715 0.874558 0.976174 0.261279 0.640727 0.0487993 0.385768 0.563857 0.363041 0.373825 0.609092 0.588103 0.159996 0.604669 0.170156 0.851186 0.334263 0.940769 0.374095 0.233444 0.898516 0.131311 0.0369835 
0.749164 0.48912 0.362144 0.700705 0.928425 0.113052 0.693013 0.544766 0.559851 0.0676033 0.127493 0.511279 0.249347 0.157665 0.437808 0.209274 0.434584 0.503013 0.316104 0.612925 0.0176392 0.467279 0.996816 0.369245 0.0243076 0.424371 0.351792 0.934228 0.299864 0.597386 0.875567 0.659792 0.685555 0.841916 0.832621 0.713827 0.854526 0.855762 0.719494 0.216064 0.0686454 0.226379 0.139454 0.611569 0.543778 0.0350656 0.952453 0.379511 0.146125 0.410456 0.309298 0.869653 0.256205 0.256304 0.583729 0.562914 0.780187 0.173112 0.745617 0.669726 0.432983 0.718108 0.766774 0.813913 
0.449242 0.286153 0.150224 0.393077 0.38747 0.567468 0.482762 0.60876 0.551335 0.62157 0.640768 0.19496 0.203298 0.40908 0.632764 0.615738 0.182127 0.56866 0.663637 0.330916 0.185496 0.00102237 0.978614 0.876945 0.399079 0.989268 0.156366 0.922562 0.884536 0.394515 0.554052 0.956093 0.831856 0.167095 0.110884 0.244857 0.385267 0.366465 0.54627 0.97012 0.479702 0.860006 0.297369 0.247545 0.860762 0.325515 0.724536 0.835407 0.187161 0.278399 0.0356463 0.921662 0.160151 0.0719484 0.262633 0.619401 0.386864 0.536055 0.977582 0.676634 0.54392 0.444352 0.0658603 0.476847 
0.241476 0.337058 0.784333 0.790276 0.646044 0.661884 0.539161 0.401004 0.30979 0.392853 0.539023 0.0925478 0.930742 0.94641 0.759777 0.887151 0.447077 0.401565 0.0709524 0.91392 0.292963 0.0345991 0.310014 0.612555 0.438878 0.0934148 0.895236 0.69563 0.831145 0.606093 0.324699 0.411825 0.653893 0.610932 0.3075 0.107591 0.721019 0.0934654 0.707516 0.486452 0.599814 0.063452 0.932158 0.987457 0.91371 0.97084 0.834917 0.859062 0.348843 0.946871 0.178253 0.669637 0.160848 0.819791 0.401287 0.418574 0.688733 0.22354 0.864943 0.711116 0.641066 0.776535 0.354336 0.355152 
0.864566 0.943017 0.0417879 0.694284 0.798792 0.102787 0.572617 0.0671028 0.122575 0.423975 0.118723 0.167223 0.0158275 0.560847 0.748568 0.309882 0.832479 0.229803 0.225499 0.965148 0.2552 0.179059 0.443123 0.86578 0.964424 0.71811 0.0383816 0.941083 0.0500324 0.582163 0.493818 0.893254 0.71512 0.459431 0.879915 0.673899 0.0750731 0.856124 0.156782 0.926961 0.325957 0.263514 0.276148 0.734107 0.949908 0.0366868 0.0295239 0.282237 0.4472 0.991573 0.754345 0.567522 0.983517 0.309529 0.370267 0.276371 0.0147058 0.0911185 0.862743 0.0171757 0.135515 0.985217 0.634301 0.509844 
0.574983 0.472519 0.221686 0.375716 0.92768 0.535307 0.982326 0.221332 0.203255 0.246965 0.762666 0.152129 0.488598 0.351711 0.380568 0.172974 0.177485 0.834652 0.569802 0.307593 0.604612 0.478733 0.950915 0.391971 0.60345 0.172526 0.588808 0.546066 0.186738 0.146162 0.878444 0.958516 0.522108 0.0162411 0.444352 0.455879 0.629948 0.15429 0.300779 0.000423451 0.449659 0.535377 0.816246 0.772524 0.9562 0.68253 0.883017 0.736246 0.494375 0.746798 0.149297 0.325522 0.395907 0.114621 0.676084 0.394247 0.957582 0.405555 0.644868 0.538596 0.830361 0.607957 0.0881787 0.33956 
0.345703 0.767293 0.114304 0.226564 0.872886 0.644669 0.342474 0.852648 0.572426 0.729657 0.775845 0.0314158 0.131378 0.938471 0.139289 0.598961 0.246259 0.0746019 0.674295 0.769347 0.376293 0.0882526 0.784668 0.0230511 0.207177 0.267074 0.120602 0.313429 0.651206 0.550184 0.992294 0.0870645 0.808895 0.0622721 0.0406818 0.236125 0.0478127 0.348125 0.60952 0.877897 0.787161 0.178642 0.739021 0.777788 0.506849 0.372879 0.274936 0.767386 0.98334 0.0776581 0.692268 0.90544 0.738579 0.511621 0.716624 0.179265 0.758966 0.214412 0.00596404 0.0779181 0.122829 0.822527 0.115066 0.253442 
0.272246 0.997906 0.026761 0.0426348 0.374209 0.115275 0.223487 0.0737453 0.242689 0.714621 0.533684 0.269408 0.0395509 0.600593 0.0856636 0.519207 0.0861252 0.796644 0.854182 0.162856 0.289166 0.633168 0.342114 0.337482 0.675081 0.564455 0.616841 0.969349 0.769305 0.54995 0.825961 0.604271 0.565379 0.208021 0.608461 0.259502 0.517736 0.78648 0.275956 0.303101 0.73991 0.809255 0.0254279 0.985058 0.555869 0.204428 0.292578 0.606703 0.0696538 0.448312 0.301735 0.232521 0.0395965 0.182612 0.557845 0.552071 0.572832 0.802089 0.31748 0.658713 0.254639 0.501828 0.701754 0.511213 
0.295385 0.532135 0.753406 0.253255 0.960778 0.723593 0.59385 0.234463 0.356912 0.437183 0.233993 0.776577 0.221067 0.674031 0.929807 0.297053 0.905801 0.0295095 0.579187 0.299952 0.498254 0.0492125 0.256778 0.559706 0.834972 0.455003 0.0138907 0.552062 0.705006 0.569557 0.311716 0.699158 0.0783867 0.730694 0.142295 0.121045 0.164891 0.444614 0.0315422 0.841458 0.301433 0.102008 0.657025 0.203733 0.966807 0.059892 0.319179 0.452283 0.41929 0.413427 0.938979 0.988255 0.25987 0.144142 0.786409 0.10611 0.579012 0.38951 0.339814 0.146958 0.706155 0.823777 0.384202 0.988976 
0.263494 0.88608 0.143517 0.935714 0.76473 0.512201 0.156306 0.177582 0.765503 0.44951 0.0796956 0.337914 0.339458 0.297064 0.379513 0.818835 0.463099 0.96047 0.347591 0.121462 0.653494 0.495959 0.445614 0.618419 0.812047 0.00476575 0.829033 0.798026 0.897776 0.574587 0.993028 0.023024 0.995403 0.556995 0.226785 0.509963 0.217519 0.917993 0.647053 0.425518 0.00706475 0.643111 0.942256 0.948756 0.707841 0.931672 0.755191 0.679268 0.928698 0.901998 0.540968 0.777991 0.321314 0.366684 0.59136 0.550879 0.289265 0.520059 0.0576327 0.624844 0.961743 0.0544165 0.967738 0.114162 
0.093684 0.341495 0.434546 0.283416 0.620007 0.458479 0.989276 0.98358 0.0982594 0.379275 0.927931 0.231326 0.543463 0.49659 0.119574 0.576842 0.282081 0.568467 0.22889 0.232916 0.298108 0.250899 0.396987 0.777322 0.630843 0.314719 0.61732 0.817817 0.945641 0.672648 0.842484 0.984895 0.952107 0.137433 0.683127 0.308842 0.492351 0.476072 0.194037 0.0851616 0.643083 0.548905 0.699922 0.924767 0.466911 0.427184 0.91702 0.433713 0.454542 0.24346 0.562164 0.777674 0.72601 0.226746 0.212208 0.0998215 0.265614 0.387129 0.311953 0.444568 0.830939 0.199893 0.145891 0.1067 
0.657915 0.54214 0.774528 0.709829 0.606456 0.688205 0.432713 0.875285 0.315764 0.611535 0.764472 0.200563 0.165153 0.313633 0.915742 0.657742 0.850106 0.237602 0.696396 0.137807 0.219357 0.975271 0.472842 0.241876 0.201409 0.691582 0.865038 0.522433 0.684316 0.449453 0.321828 0.242294 0.518873 0.398852 0.0523267 0.562222 0.610392 0.449088 0.232334 0.921172 0.056084 0.734238 0.194411 0.819014 0.959725 0.989838 0.0878767 0.639981 0.712007 0.308843 0.280143 0.0800197 0.573807 0.942563 0.868342 0.39637 0.147687 0.421236 0.878994 0.328809 0.804762 0.467156 0.529132 0.392765 
0.475233 0.904229 0.719527 0.276408 0.148037 0.450556 0.530426 0.654582 0.277681 0.0968672 0.333994 0.79318 0.157174 0.323121 0.595809 0.890196 0.439348 0.209381 0.0422124 0.208737 0.870185 0.361143 0.214067 0.542698 0.46585 0.229612 0.836827 0.815059 0.635682 0.545853 0.799749 0.97045 0.776464 0.0540193 0.683206 0.795405 0.393786 0.898381 0.467631 0.554689 0.756636 0.172042 0.220308 0.923044 0.312611 0.48868 0.451066 0.120017 0.000337846 0.685316 0.193297 0.805696 0.642397 0.847424 0.512675 0.344665 0.853348 0.574635 0.139518 0.0750761 0.589206 0.975269 0.406755 0.572188 
0.307699 0.950124 0.660004 0.0679692 0.0465894 0.209822 0.529269 0.493067 0.202585 0.981678 0.209437 0.538911 0.669243 0.474124 0.246659 0.716214 0.66462 0.378364 0.0350954 0.914146 0.699309 0.235612 0.205513 0.590376 0.979972 0.779532 0.837921 0.15005 0.888779 0.690481 0.298152 0.280759 0.930595 0.751245 0.732723 0.0837457 0.702486 0.5054 0.860949 0.0177149 0.249904 0.64641 0.0105987 0.307246 0.13137 0.622055 0.195899 0.683392 0.338913 0.600973 0.227809 0.0800258 0.188027 0.4886 0.978746 0.437885 0.112015 0.303499 0.0706044 0.358736 0.686921 0.859652 0.485901 0.972397 
0.491067 0.0896415 0.853849 0.899129 0.093526 0.0910883 0.25289 0.802153 0.63088 0.582713 0.747696 0.843832 0.286465 0.0621666 0.0990792 0.0887318 0.853067 0.441618 0.537759 0.848483 0.881473 0.464399 0.502875 0.0406025 0.425022 0.6849 0.432607 0.873843 0.756916 0.528817 0.832713 0.280794 0.101867 0.233521 0.93393 0.384642 0.618845 0.82355 0.557595 0.227809 0.156518 0.334864 0.881741 0.250835 0.933478 0.432668 0.160327 0.757385 0.626271 0.977352 0.195525 0.285159 0.00588756 0.970857 0.594641 0.995192 0.600537 0.789661 0.679442 0.946994 0.299144 0.513589 0.888765 0.672469 
0.0512658 0.149822 0.364386 0.403229 0.0596256 0.025172 0.677756 0.913892 0.723129 0.39141 0.59479 0.331587 0.22731 0.603901 0.809717 0.00485083 0.735034 0.38931 0.774718 0.287647 0.0347315 0.965761 0.0976735 0.586869 0.63376 0.0949525 0.679698 0.466128 0.619567 0.864363 0.956701 0.435685 0.038688 0.974461 0.507914 0.354087 0.702823 0.676954 0.049966 0.885441 0.562111 0.711937 0.358513 0.271271 0.495849 0.466441 0.12616 0.905347 0.619998 0.373205 0.312828 0.513149 0.441978 0.566981 0.0547047 0.17068 0.165518 0.818598 0.339478 0.9744 0.880717 0.705779 0.349008 0.250496 
0.938544 0.480701 0.96088 0.438451 0.982793 0.747808 0.609447 0.45432 0.923165 0.893428 0.455869 0.907906 0.911167 0.209194 0.345501 0.276306 0.41379 0.693821 0.581119 0.589068 0.4368 0.848862 0.258968 0.443301 0.122249 0.696213 0.720249 0.675297 0.726527 0.648324 0.493423 0.215988 0.196606 0.558534 0.18357 0.63709 0.197792 0.287061 0.879042 0.67067 0.26752 0.930235 0.783609 0.578723 0.365266 0.846356 0.254664 0.268694 0.388623 0.679218 0.477094 0.561951 0.269281 0.23235 0.862829 0.910623 0.746784 0.0106938 0.062963 0.729413 0.699378 0.871989 0.848751 0.849598 
0.855216 0.863834 0.943751 0.70037 0.657249 0.424921 0.476693 0.828204 0.30653 0.539743 0.662126 0.656223 0.624031 0.939781 0.999387 0.898729 0.254403 0.932327 0.0201592 0.0236886 0.327091 0.138507 0.574772 0.361242 0.796367 0.404331 0.524083 0.993398 0.59863 0.413122 0.960441 0.434856 0.190634 0.0341414 0.499322 0.695594 0.119765 0.0101928 0.410195 0.922841 0.474419 0.247592 0.370847 0.748562 0.273588 0.938633 0.810306 0.442684 0.268678 0.13697 0.0389778 0.381138 0.0214893 0.947715 0.476421 0.300899 0.746575 0.262085 0.236321 0.474008 0.0909553 0.298639 0.356893 0.293752 
0.924841 0.432375 0.14715 0.856447 0.321943 0.576635 0.646635 0.903866 0.772179 0.083047 0.580525 0.131485 0.812599 0.311714 0.49343 0.281905 0.98963 0.996599 0.514109 0.565873 0.403283 0.869453 0.254823 0.53207 0.066908 0.498862 0.485123 0.707192 0.0842796 0.556676 0.0154544 0.891193 0.138766 0.159377 0.54403 0.0155615 0.344212 0.68624 0.572973 0.382542 0.170506 0.297877 0.219903 0.142215 0.729955 0.0815306 0.686043 0.264771 0.944872 0.048355 0.757852 0.330356 0.597893 0.274584 0.430917 0.668953 0.657931 0.156229 0.16595 0.944261 0.166981 0.854111 0.80309 0.585743 
0.702412 0.944743 0.51515 0.67882 0.993144 0.0780848 0.00860922 0.781529 0.795169 0.635595 0.509008 0.129859 0.00129709 0.606945 0.424621 0.618126 0.722758 0.9758 0.706731 0.797692 0.307483 0.119698 0.894974 0.462648 0.28963 0.241104 0.577066 0.800605 0.67395 0.902307 0.724319 0.988899 0.576988 0.507867 0.0279478 0.00181625 0.423487 0.778095 0.00552221 0.926364 0.572658 0.437312 0.531574 0.019947 0.938424 0.745074 0.850739 0.0118173 0.0882666 0.438908 0.275752 0.378892 0.891362 0.99559 0.221315 0.418293 0.556895 0.387311 0.542078 0.132021 0.439207 0.231989 0.698636 0.40787 
0.19471 0.999265 0.315568 0.778358 0.215006 0.962395 0.635722 0.069644 0.910111 0.573705 0.558621 0.213142 0.648835 0.343323 0.0193691 0.89145 0.0443577 0.925985 0.66735 0.390872 0.0740916 0.108337 0.872379 0.4483 0.696106 0.852458 0.148032 0.361598 0.373278 0.404664 0.729915 0.761787 0.672565 0.398159 0.918252 0.235854 0.331867 0.714819 0.850489 0.494819 0.776489 0.229979 0.478927 0.441437 0.897834 0.286768 0.255613 0.927584 0.371621 0.734569 0.740692 0.33365 0.365406 0.764411 0.594552 0.481362 0.0555551 0.506354 0.2582 0.620332 0.517961 0.464854 0.448834 0.724747 
0.0270722 0.724342 0.319401 0.707843 0.346092 0.693412 0.448811 0.380362 0.842579 0.640342 0.11286 0.410643 0.587145 0.29417 0.907599 0.110763 0.486333 0.112631 0.410181 0.946599 0.215964 0.00464117 0.656662 0.939578 0.659644 0.260454 0.0184955 0.0225388 0.471567 0.406959 0.550015 0.861405 0.191378 0.62936 0.439697 0.135954 0.193751 0.543707 0.971979 0.835848 0.78875 0.444515 0.199595 0.0964978 0.941714 0.364459 0.917125 0.422212 0.832675 0.619684 0.479418 0.920748 0.863738 0.841981 0.375179 0.568593 0.908128 0.107884 0.240232 0.996732 0.74653 0.2558 0.711657 0.63749 
0.883609 0.373642 0.427097 0.843413 0.596442 0.26438 0.307586 0.45932 0.843416 0.222015 0.719965 0.922669 0.870753 0.913866 0.0829743 0.825063 0.817666 0.928294 0.950656 0.902391 0.725993 0.510566 0.708314 0.78638 0.977667 0.449555 0.0705089 0.339742 0.203651 0.350006 0.467109 0.41111 0.0885918 0.37677 0.849952 0.12372 0.564086 0.313413 0.599452 0.788216 0.232733 0.970305 0.0354107 0.208712 0.351958 0.0662366 0.206678 0.974169 0.919423 0.887329 0.711195 0.132802 0.679859 0.886186 0.756623 0.492621 0.686184 0.284169 0.437906 0.934497 0.201154 0.53677 0.508009 0.289257 
0.902577 0.473655 0.56193 0.669591 0.212057 0.637583 0.773468 0.597196 0.0358553 0.772134 0.72558 0.287055 0.712982 0.800538 0.70739 0.430124 0.505724 0.491536 0.876893 0.218914 0.956607 0.9772 0.451934 0.569372 0.752453 0.922589 0.0420979 0.323637 0.450407 0.700931 0.112407 0.0531964 0.301152 0.869005 0.291089 0.550347 0.863019 0.750669 0.47493 0.178779 0.256112 0.96869 0.654888 0.375147 0.691074 0.795342 0.0287049 0.925392 0.191209 0.341429 0.632485 0.77723 0.0243805 0.444096 0.980759 0.885041 0.854561 0.256033 0.70344 0.730667 0.268602 0.342698 0.733025 0.220914 
0.986018 0.614721 0.878262 0.589876 0.961946 0.687799 0.361237 0.392543 0.294241 0.195021 0.813786 0.0711781 0.641431 0.220111 0.957106 0.224638 0.32318 0.0113201 0.35215 0.461686 0.638463 0.0320882 0.295959 0.18981 0.877114 0.131165 0.503452 0.141997 0.244521 0.905819 0.103786 0.87496 0.10876 0.581197 0.820752 0.839221 0.412702 0.826553 0.173085 0.88857 0.98521 0.654599 0.364322 0.405287 0.603154 0.531786 0.621122 0.0508564 0.15341 0.0520582 0.728919 0.651175 0.80584 0.75749 0.264894 0.104054 0.348106 0.527474 0.371512 0.624647 0.337351 0.4871 0.767841 0.904613 
0.324805 0.590435 0.0129184 0.183661 0.562547 0.189212 0.0119941 0.352758 0.486422 0.579272 0.107147 0.405813 0.66575 0.116967 0.844848 0.754224 0.766259 0.780809 0.569927 0.822148 0.493888 0.411498 0.384481 0.860475 0.249591 0.14697 0.540899 0.206094 0.565286 0.80816 0.790618 0.638358 0.5695 0.144387 0.698558 0.0635273 0.187376 0.3729 0.281732 0.957927 0.682102 0.283697 0.937367 0.643261 0.686445 0.987315 0.180437 0.0618474 0.0257222 0.0232009 0.0302891 0.431464 0.10442 0.00153155 0.930563 0.857024 0.832305 0.625121 0.646362 0.0199342 0.518499 0.96293 0.149315 0.719444 
0.16653 0.847994 0.909476 0.916492 0.494301 0.899119 0.81678 0.0380216 0.192576 0.598823 0.682919 0.0294973 0.612903 0.508241 0.578641 0.662074 0.963602 0.130023 0.236861 0.312364 0.981027 0.719829 0.077774 0.876008 0.708825 0.808147 0.62362 0.741543 0.204325 0.839744 0.110644 0.141663 0.471717 0.382575 0.826883 0.776069 0.672612 0.845505 0.225657 0.768502 0.375959 0.432768 0.685921 0.808723 0.606788 0.511828 0.826423 0.495955 0.266848 0.0805484 0.84803 0.207201 0.485432 0.372809 0.907995 0.302559 0.547395 0.262566 0.953808 0.410503 0.476774 0.0195369 0.0898817 0.484243 
0.778684 0.316938 0.21895 0.247273 0.264137 0.746701 0.321683 0.868734 0.862587 0.808536 0.304509 0.729017 0.63358 0.197445 0.441762 0.103339 0.786809 0.860977 0.62606 0.600766 0.971101 0.993282 0.0124274 0.148438 0.949609 0.205255 0.345846 0.356141 0.956436 0.676782 0.226623 0.334345 0.879176 0.21421 0.520271 0.89717 0.377483 0.457824 0.897317 0.800119 0.0337631 0.262216 0.843217 0.665775 0.796443 0.743491 0.324352 0.945175 0.138511 0.269888 0.998073 0.417481 0.268618 0.800653 0.895065 0.272671 0.171119 0.205691 0.356302 0.491435 0.509785 0.846853 0.904563 0.93405 
0.502006 0.236304 0.740001 0.974378 0.88482 0.313779 0.0673791 0.369328 0.138937 0.161284 0.0625432 0.741315 0.453286 0.172576 0.260075 0.845518 0.119454 0.136957 0.325372 0.554377 0.747968 0.0308897 0.858788 0.240366 0.399378 0.449683 0.600923 0.697495 0.923637 0.0143617 0.601831 0.841875 0.9846 0.692857 0.500639 0.526527 0.415647 0.441106 0.763842 0.897126 0.754798 0.962648 0.652037 0.672872 0.0895349 0.187437 0.590094 0.355571 0.514633 0.578821 0.527567 0.896501 0.038284 0.396312 0.197593 0.139001 0.974717 0.277347 0.302729 0.857773 0.0296791 0.84091 0.316162 0.347224 
0.358535 0.419605 0.489778 0.833756 0.402546 0.201142 0.421591 0.461951 0.574235 0.81247 0.159527 0.0879356 0.831815 0.909554 0.0842699 0.550217 0.984131 0.150242 0.765577 0.205567 0.595015 0.961382 0.602967 0.184038 0.577357 0.30483 0.831711 0.0921183 0.422911 0.0029835 0.620148 0.887419 0.708765 0.530302 0.929056 0.469348 0.884842 0.971199 0.695543 0.517118 0.0536395 0.916503 0.54718 0.264334 0.594339 0.209749 0.395382 0.558855 0.286585 0.541105 0.486785 0.0703791 0.568325 0.568477 0.202701 0.898432 0.0444756 0.914794 0.703066 0.594418 0.791458 0.355762 0.050054 0.6341 
0.795902 0.372395 0.673222 0.035446 0.984489 0.346378 0.127079 0.0399612 0.0026464 0.954055 0.255716 0.0983826 0.63072 0.103293 0.787622 0.540303 0.703768 0.364556 0.0588792 0.917074 0.960808 0.352064 0.706312 0.252237 0.187884 0.161597 0.718217 0.96389 0.48685 0.414026 0.704688 0.392439 0.0185446 0.966326 0.749357 0.70781 0.339239 0.0804741 0.74493 0.387235 0.385525 0.599444 0.516923 0.0598689 0.546467 0.918496 0.482349 0.174614 0.442936 0.35036 0.942588 0.262837 0.329314 0.251191 0.691961 0.21229 0.566613 0.842393 0.0764027 0.0380331 0.30625 0.142118 0.426464 0.471946 
0.0388662 0.767502 0.0968276 0.0289771 0.550337 0.0544831 0.795375 0.821167 0.221504 0.426265 0.922661 0.223754 0.366474 0.147244 0.0583352 0.735896 0.974828 0.171781 0.333579 0.350644 0.492473 0.71254 0.854088 0.770061 0.605136 0.337861 0.169344 0.791029 0.589212 0.405915 0.748705 0.682727 0.5409 0.0520813 0.152116 0.432669 0.764677 0.41001 0.443225 0.79381 0.669466 0.588745 0.989321 0.682926 0.163496 0.19368 0.21223 0.271162 0.148765 0.0429493 0.169791 0.382083 0.251442 0.67717 0.68526 0.868091 0.51803 0.324154 0.326973 0.149032 0.63547 0.265225 0.152221 0.575599 
0.109753 0.145856 0.681357 0.936243 0.796888 0.79071 0.794235 0.141518 0.735107 0.530347 0.855284 0.446965 0.0423672 0.43742 0.918556 0.1613 0.374419 0.219659 0.856425 0.35191 0.0222268 0.540138 0.159599 0.146154 0.489274 0.0855155 0.0974099 0.0426166 0.742767 0.979287 0.815853 0.886615 0.898439 0.129614 0.575739 0.827608 0.13637 0.777103 0.664787 0.744707 0.821373 0.977733 0.226994 0.719065 0.54714 0.877499 0.793735 0.565871 0.0109343 0.692871 0.560918 0.0607643 0.263035 0.710101 0.573972 0.733623 0.22829 0.781541 0.356194 0.351925 0.901057 0.386027 0.116017 0.0278232 
0.153965 0.824215 0.966036 0.233535 0.163212 0.493139 0.0475697 0.869422 0.0403977 0.492104 0.303844 0.389733 0.655401 0.388127 0.976645 0.20897 0.0393241 0.657253 0.212303 0.63446 0.312244 0.98149 0.491778 0.879135 0.135709 0.827493 0.981315 0.223174 0.835697 0.12865 0.847301 0.553378 0.930074 0.765022 0.798842 0.370754 0.627242 0.094246 0.597393 0.592806 0.68535 0.812256 0.38116 0.464495 0.575194 0.976162 0.238098 0.517641 0.253377 0.912172 0.857994 0.165373 0.812759 0.269221 0.314377 0.327184 0.322467 0.546305 0.966613 0.0460793 0.643488 0.484213 0.134344 0.884122 
0.718596 0.453323 0.925231 0.512786 0.700699 0.889946 0.894887 0.277491 0.964656 0.618968 0.681993 0.708174 0.76706 0.0259108 0.284167 0.548695 0.861705 0.372546 0.824004 0.305303 0.578186 0.987102 0.000707296 0.813411 0.164085 0.502638 0.648435 0.336609 0.392984 0.838241 0.86876 0.327757 0.937156 0.509809 0.597748 0.0538663 0.0523021 0.875784 0.761232 0.371573 0.978128 0.300142 0.875689 0.847318 0.611956 0.60656 0.728276 0.883385 0.0794449 0.877806 0.918739 0.679408 0.316018 0.0139983 0.0795356 0.458459 0.669293 0.135475 0.681233 0.251371 0.670342 0.979621 0.476312 0.485577 
0.394466 0.313764 0.0469015 0.286252 0.684271 0.191435 0.233755 0.977424 0.239899 0.0690145 0.37267 0.964765 0.999972 0.679274 0.46413 0.555395 0.192742 0.750308 0.407706 0.89954 0.137333 0.875284 0.819872 0.340621 0.126706 0.707145 0.863057 0.575357 0.331454 0.764574 0.943127 0.796559 0.110693 0.304007 0.147282 0.172439 0.83388 0.688128 0.0638578 0.83469 0.748355 0.533381 0.104019 0.207695 0.101325 0.98288 0.759187 0.826532 0.124314 0.383008 0.00627813 0.0861219 0.382002 0.664 0.180137 0.430044 0.548281 0.334055 0.404753 0.731647 0.0583572 0.888845 0.418428 0.0314219 
0.445153 0.517183 0.0874554 0.0971423 0.687964 0.350624 0.600039 0.202779 0.626017 0.548542 0.723971 0.488714 0.00657692 0.985999 0.373655 0.378188 0.0578455 0.43949 0.836961 0.198384 0.0394214 0.641722 0.814596 0.168104 0.8334 0.49995 0.1617 0.624694 0.948955 0.746384 0.518921 0.591514 0.0663081 0.614457 0.831129 0.319599 0.794658 0.175958 0.362541 0.488813 0.234072 0.792251 0.436579 0.886671 0.785645 0.840645 0.672674 0.864769 0.171533 0.717428 0.185016 0.243132 0.000108869 0.701428 0.730996 0.617496 0.86738 0.451533 0.295291 0.50902 0.946567 0.141706 0.289461 0.191863 
0.289889 0.183167 0.759146 0.121823 0.494678 0.271067 0.608893 0.494649 0.016125 0.719421 0.242639 0.480056 0.602153 0.604766 0.799422 0.725276 0.566935 0.672041 0.877429 0.152349 0.555489 0.644866 0.50347 0.445946 0.31933 0.940557 0.779925 0.673758 0.153528 0.919088 0.770235 0.318373 0.563525 0.418881 0.401151 0.705841 0.351314 0.0517365 0.0664687 0.0377483 0.66694 0.531058 0.843142 0.0599614 0.585101 0.350098 0.335751 0.844565 0.398206 0.381173 0.564377 0.126998 0.567312 0.772554 0.923682 0.547193 0.387806 0.239571 0.769332 0.915859 0.94072 0.849662 0.182863 0.132696 
0.0312573 0.998687 0.492654 0.0980543 0.916893 0.522053 0.472728 0.593166 0.843361 0.651868 0.185741 0.537035 0.856077 0.280989 0.0398298 0.353823 0.968728 0.732859 0.475843 0.261331 0.0948937 0.778005 0.296656 0.77256 0.679974 0.528933 0.567352 0.416126 0.437661 0.571714 0.397496 0.251476 0.630794 0.58891 0.405192 0.459817 0.455025 0.326808 0.766055 0.35938 0.424335 0.36045 0.622111 0.248935 0.131407 0.13416 0.609154 0.51512 0.332394 0.475363 0.174253 0.878087 0.407643 0.735165 0.380513 0.0687154 0.983929 0.108855 0.0239507 0.486269 0.654949 0.530607 0.39174 0.362879 
0.439522 0.801862 0.556724 0.786518 0.784548 0.368777 0.837779 0.667065 0.551495 0.278561 0.682455 0.738789 0.746477 0.101091 0.749514 0.297454 0.582657 0.404655 0.655379 0.755481 0.548667 0.11154 0.709363 0.596032 0.762942 0.509975 0.227888 0.542741 0.973558 0.590108 0.777224 0.889911 0.614072 0.606993 0.369475 0.49331 0.996834 0.421046 0.865233 0.456897 0.304051 0.353631 0.488133 0.845514 0.539062 0.594053 0.316098 0.501806 0.101963 0.675938 0.887284 0.49495 0.886478 0.770066 0.49849 0.74615 0.817916 0.439555 0.370022 0.905943 0.152281 0.940808 0.913738 0.053376 
